              1.00
              2.00
              3.00
              1.00
              2.00
               .50
              1.00
              2.00
              3.00
              1.00
              2.00
               .50
             12.00
              1.00
             13.00
             11.00
             12.00
             12.00
              1.00
              2.00
              3.00
              1.00
              2.00
               .50
              1.00
              2.00
              3.00
              1.00
              2.00
               .50
